50
20
209044538 8364651 18145379 -139334559 -197998814 186849761 -29020287 118510079 -101365582 -263040718 -32001278 93030562 246397889 85580003 -120009407 125892321 -424113343 326700161 135183038 -21403259
18
147991585 -119284005 27991338 80716089 -121162422 -70127757 -157134255 378670115 -287033664 -35601076 93875029 154493923 -103709279 147729386 -148518469 238038050 -330407295 192071746
20
-70358975 157886788 -160714528 -82582172 -72101074 227785594 -175911967 -30784961 381645320 -76688164 -285757055 21191521 167066977 -199337311 398608733 -162858363 123328573 -367200231 277337957 -165423575
20
-190206784 212948865 -215445372 195918529 -208858431 193707263 -165673469 131578046 -12492125 68184259 910817 -91251838 52376643 -99860479 -115583480 89901241 141910385 -166914798 325493796 -36676580
18
-206005248 -39879582 207596929 -143448159 397913217 -341150943 145821470 -165632161 -63131847 176252558 88391008 -302612072 356032366 -22149438 -148376415 183361671 -78022590 26340675
20
-38395584 -139561632 320234499 -491071 -294968161 -54726557 300855264 -242651134 215964642 -86640029 -47177788 1136354 93120865 -222595168 125697570 200253601 -89959203 20516192 -3568568 -210226041
18
18911015 98986594 -25938048 -314032448 329193219 -17823871 -17991647 99493281 -232303934 -173157983 44423457 249200224 -74403070 -98126626 283695876 -403861886 201919971 225488897
18
199478208 -438887326 455759457 -22239071 -413989914 137754913 43935648 -33764607 -38051518 287208097 -135170881 -24265569 -199676827 175875873 -178249369 -29926111 398543169 -274245631
18
184537056 -311353086 29288322 43612290 100960065 200753761 -480065343 440289280 -2709153 -287486328 205619842 -311889023 352027203 -234961566 -48822685 59325409 -58496031 174355617
18
163017280 30257664 -66304794 -314508670 63376130 230297569 -335473889 157667205 -36530304 11945251 -46383488 -11978843 298208059 -201112319 79936164 -146575405 -115759792 312485443
18
-128599168 84133409 254534662 -192881150 136630496 72994209 -128332722 -8313386 -38171634 -50780874 -142763836 158737747 77808303 -287540191 70451970 279256737 -42073471 -361525535
19
208979780 -52935711 75158849 -175242303 -201709631 -4331871 126430017 155873371 -217765790 277933254 -273038234 310502690 -92198463 -240570809 258958920 -322875371 299053803 -106218568 -158769726
18
51057088 25588612 -102435166 164294657 -231697119 138085359 134922581 65152257 -260978657 59046436 59514113 -284110973 152738950 86532318 104500577 -255402961 342980307 -468117410
18
-51858368 285185120 -160735358 -107374079 259685602 -318559996 293031905 -304597919 161215457 -186978398 120471841 -195063871 227101701 -52640474 -19790624 184726529 -146676607 -116202495
19
-99711936 113122336 85255352 -302603604 -20644959 281733122 22744291 -261204992 89726816 102848035 -177885566 141293225 171556602 -119635166 162022081 -184530559 -107090558 98182758 151524417
18
139611360 16781792 54441826 8534145 -229957503 163056161 -379867970 6460320 219857541 -236546778 390096887 -143945525 28573153 -268508863 365241698 -107063450 -43157983 15310861
18
88851712 -128445471 258321409 -33804958 -343210400 316052706 -356378624 -44505918 4280860 465254631 -244661087 262636335 -100214730 -116839196 -106419359 285032673 -227299901 128876609
18
-127712958 -34254430 383449952 -353616732 -93501439 294680737 -8609106 -32963980 63133633 -176720095 -137596706 369236964 -379472863 429664008 -443784769 254150273 -17895103 -177649886
18
-248292960 240604416 -146399294 -68346110 444204705 -164149217 -115396381 107945503 -280754109 314962723 -163879007 41930626 276148708 -365190559 199107146 -25565349 -210065755 99546945
18
-139939871 -41493310 -20776832 365220675 -25366845 88967558 -444153951 262207598 109764148 51214722 -153940256 168710791 -370586883 288615138 -258556927 245000225 17277890 -327461535
18
-76834975 232676032 -195523676 212497313 -52938791 -54839319 38125953 -243450395 -38871485 405996897 -160000096 -193365985 328132768 -260032957 258495903 -133237529 -153227708 332699809
18
101084962 -106633342 255514515 -264518572 -99731647 -72942429 90235458 -79299744 137434370 70200446 -192141084 297720513 20668576 -26793534 -210464258 294885404 -356265046 380830050
20
-157024576 -72188928 70176226 100408704 -103134462 112491745 -84047168 374949156 -63783998 -44941660 -39726495 -318156475 128987273 94929049 -235687935 154961569 32516684 -84047168 307856473 -174794015
20
-21719072 -74675912 127826945 -152802138 273725867 -387172671 269601869 184234658 -444659761 55106566 140296481 241080290 -190821151 -220547005 353956449 -114741279 -251898178 159616708 -82907454 156893251
20
-219810303 282430721 -136914975 -2882207 75584353 214878689 -312232352 121629533 99116230 -250921695 -81544572 -22149343 167553663 127882676 -246472143 403892160 -294334992 -65365420 16686819 172935618
20
99616640 4244513 26518047 -155250301 -113911744 123828003 -34578272 5429218 -125015906 342301412 -31740449 -276017244 -59383359 172479750 -134444345 30459611 -22670431 12637571 154658817 59668226
18
91255872 -3218333 -287113152 442453180 -365732246 194576865 -13537087 141748863 -441828858 352753798 -189184316 7198910 221795202 35179457 -83115775 -31010194 128211776 -53844587
20
155850913 -68693950 -289343421 436132961 -413284129 94431523 286551233 -39786496 -139247358 61679041 -232441759 -54035016 107514344 121395587 -200516575 -1568958 -72824543 332476920 2866646 13900604
18
-145886272 364361697 -203240123 203559522 -180864223 52497218 117198017 -77655950 13332752 -50636736 -331550334 226140706 231219151 -66526378 -130663742 -1097373 -191733918 176620513
19
-83909568 237519683 -206399327 -139643487 137843521 -29678751 75604545 202487105 -213201027 189512775 -187793856 17658387 -227094702 186509860 234408563 -15885103 10569570 -379374495 154196545
18
-95054143 225362945 -266109504 89738463 156790084 -244108352 294774018 -394918876 162099008 -44451165 237205152 40065881 -405502006 483834594 -201332733 -165857692 198083553 -43427804
20
123331392 -176685693 26511203 238888961 -188715135 -264648639 435756321 -423160447 93030111 -96580190 415318498 -224928543 189254205 -312057179 -26892763 241199297 18730753 -297074189 370810481 -190709725
19
193614784 -149495288 69911489 -130569376 168934242 -247266892 319136588 -39558430 -247030770 -101042154 12153920 -32769245 370209026 -1520777 38405355 -190587615 -230664514 352337094 28519394
18
-137307198 361885825 -446601085 299852963 -270146464 374071907 -155654685 -70718144 75363234 34296480 -41789429 17137816 -222009603 137874213 172787074 -51212399 4282451 -227637086
20
-145707582 80356353 138474431 -237603035 -1311424 256082146 -105223839 -50060253 76093519 -243327434 226219552 -157693409 40002308 286295712 62223368 19436188 -432378208 155046082 -129620863 22074497
18
201091104 -225728188 24773250 164181792 9303904 -213356572 159349538 54550432 -169326494 232999873 -139965121 -190162625 255820517 -77058943 160956318 -371050997 157017920 172042275
20
249775264 -30084351 -381734336 117672610 220149248 -358037632 88932419 -31095906 232034744 -137153680 -161674461 176389249 232539039 20339748 -290023996 80102979 221644326 -83316772 -93024863 -18761630
19
-223712479 308939714 20717601 -352908638 361969078 22168171 -128250876 -136612573 342606881 10065633 -275568736 -196377578 368445645 95954751 -464400396 252867027 153909281 -113319486 145525985
18
249094401 -133834878 -50810495 142083236 -17398320 -206415052 -64878271 111771266 211852832 -238149630 119903841 -116044864 2721759 -92621340 -49658205 266019523 -212607775 234032418
20
49783040 -189200928 282837667 23895331 70940769 -92560041 -290716149 269287236 -59478559 -313883647 367474210 36379649 68529504 -246475839 260285954 -187315157 -72068039 186355716 -90175455 91789377
20
-114286815 248080740 -71527403 22904304 -43213501 123591201 56104674 -34697599 -347641761 13610852 46411297 16711393 -46287935 250870887 -241964069 -92831903 73907802 228303784 148421249 -297680511
19
86052448 -258069275 78721556 -153263792 268096226 218713986 -294536095 276122083 -311864447 63958529 197833089 -151193056 218024482 -486799775 121689181 123996063 188334913 -45699320 -242516253
19
-243951934 43545088 -27946012 239965490 -122088335 -89371455 386566435 -415841535 190746466 -128676095 354380897 0 384449922 -107901535 -37000613 -173861208 62183105 100764609 -56684382
20
-118734813 -112267839 121492224 20313665 17038017 244294305 -191977281 217685863 -97689600 -77385440 122881602 -357823005 441505217 -450234111 40752995 223904993 -10260607 -121165118 287373057 5712353
18
181287745 -294275103 153535521 -246144703 116128158 172588290 -28692379 -131657725 29048449 -66158336 -13976414 233217985 -134900893 -139959839 326312928 75957732 -60233533 -315905374
18
-85510111 128691457 199030337 -375595327 57052894 -109948257 423954999 -215043984 37653234 -121023981 -154221181 84635049 331217309 -311262270 -22400256 45478177 47673665 -144748764
19
2813701 -30220734 197647553 -98809054 -152818943 -163592627 55056950 217924864 -158692094 -69476160 405274656 -367078524 -70576192 402787124 -109077678 75442306 2389984 -323190302 -20433471
19
-168440760 185235125 -26062067 75946689 -203775039 -27857955 -48006396 426281180 -220688633 204996506 -223502049 -218692278 78971499 152094584 178583394 -206576380 -87116223 35479169 215944481
20
219968676 -462535935 209917472 120089301 -90409938 179523252 -276611798 27591848 -110711647 78274753 257994974 -56205308 150862785 -374348739 185056128 -151716060 -36821853 -111088413 120179842 267730435
19
38162560 -69736477 -109361502 -12125631 -18503133 175018145 224204161 -326493826 3558128 46079094 142609765 82289217 -213104992 65064675 -125172255 -12535263 148209894 -62506178 -53467519
